1001 9.5 8.0 9.0
1002 8.0 7.5 9.0
1003 9.0 9.5 8.5
1004 7.5 8.0 7.0
1005 8.5 7.0 8.0
1006 9.0 8.5 9.5
1007 7.5 8.0 7.5
1008 8.0 9.0 8.5
1009 9.5 9.0 8.0
1010 7.0 7.5 8.0
1011 8.5 8.0 9.0
1012 9.0 8.5 7.5
1013 7.5 8.0 8.5
1014 8.0 9.5 9.0
1015 9.0 8.0 7.5
1016 8.5 7.5 8.0
1017 7.0 8.0 7.5
1018 8.0 9.0 8.5
1019 9.5 8.5 9.0
1020 7.5 8.0 7.0
1021 8.0 8.5 9.0
1022 7.5 7.0 8.0
1023 9.0 8.5 8.0
1024 8.5 9.0 7.5
1025 7.0 8.0 7.5
1026 8.0 9.0 8.5
1027 9.5 8.0 8.5
1028 7.5 8.0 7.0
1029 8.0 9.0 8.5
1030 9.0 8.5 7.5
